7999.99711125 1.0
8004.17713491 1.0
8004.20463507 0.0
8005.08464005 0.0
8005.11214021 1.0
8007.55965406 1.0
8007.58715421 0.0
8008.49465935 0.0
8008.52215951 1.0
8010.52967087 1.0
8010.55717103 0.0
8012.6196827 0.0
8012.64718286 1.0
8013.52718784 1.0
8013.55468799 0.0
8014.07719095 0.0
8014.10469111 1.0
8017.29470916 1.0
8017.32220932 0.0
8017.51471041 0.0
8017.54221056 1.0
8020.89722955 1.0
8020.92472971 0.0
8022.1072364 0.0
8022.13473656 1.0
8023.42724387 1.0
8023.45474403 0.0
8023.81224605 0.0
8023.83974621 1.0
8032.14479322 1.0
8032.17229337 0.0
8033.0247982 0.0
8033.05229835 1.0
8033.87730302 1.0
8033.90480318 0.0
8033.95980349 0.0
8033.98730365 1.0
8034.53730676 1.0
8034.56480691 0.0
8035.33481127 0.0
8035.36231143 1.0
8037.97482622 1.0
8038.00232637 0.0
8038.08482684 0.0
8038.11232699 1.0
8039.23983338 1.0
8039.26733353 0.0
8039.73483618 0.0
8039.76233633 1.0
8040.44984022 1.0
8040.47734038 0.0
8041.30234505 0.0
8041.32984521 1.0
8042.29235065 1.0
8042.31985081 0.0
8042.92485423 0.0
8042.95235439 1.0
8043.55735781 1.0
8043.58485797 0.0
8043.7498589 0.0
8043.77735906 1.0
8047.07737774 1.0
8047.10487789 0.0
8047.13237805 0.0
8047.15987821 1.0
8049.02988879 1.0
8049.05738895 0.0
8050.7623986 0.0
8050.78989875 1.0
8051.55990311 1.0
8051.58740327 0.0
8052.247407 0.0
8052.27490716 1.0
8052.79741011 1.0
8052.82491027 0.0
8054.22741821 0.0
8054.25491836 1.0
8055.73992677 1.0
8055.76742693 0.0
8056.17992926 0.0
8056.20742942 1.0
8057.44493642 1.0
8057.47243658 0.0
8057.96743938 0.0
8057.99493953 1.0
8058.54494265 1.0
8058.5724428 0.0
8058.59994296 1.0
8059.17744623 1.0
8059.20494638 0.0
8060.66245463 0.0
8060.68995479 1.0
8062.11996288 1.0
8062.14746304 0.0
8062.17496319 1.0
8062.83496693 1.0
8062.86246709 0.0
8063.76997222 0.0
8063.79747238 1.0
8065.94248452 1.0
8065.96998467 0.0
8067.0699909 0.0
8067.09749106 1.0
8068.38999837 1.0
8068.41749853 0.0
8069.60000522 0.0
8069.62750538 1.0
8070.39750974 1.0
8070.42500989 0.0
8070.4800102 0.0
8070.50751036 1.0
8071.05751347 1.0
8071.08501363 0.0
8071.22251441 0.0
8071.25001456 1.0
8073.67002826 1.0
8073.69752841 0.0
8074.35753215 0.0
8074.38503231 1.0
8074.88003511 1.0
8074.90753526 0.0
8076.58504476 0.0
8076.61254491 1.0
8077.30004881 1.0
8077.32754896 0.0
8077.35504912 1.0
8078.84005752 1.0
8078.86755768 0.0
8078.95005814 0.0
8078.9775583 1.0
8079.50006126 1.0
8079.52756141 0.0
8080.32506593 0.0
8080.35256608 1.0
8082.8825804 1.0
8082.91008056 0.0
8082.93758071 1.0
8084.67009052 1.0
8084.69759068 0.0
8084.8075913 0.0
8084.83509146 1.0
8085.52259535 1.0
8085.5500955 0.0
8086.48510079 0.0
8086.51260095 1.0
8088.35511138 1.0
8088.38261154 0.0
8088.41011169 0.0
8088.43761185 1.0
8088.93261465 1.0
8088.9601148 0.0
8088.98761496 0.0
8089.01511512 1.0
8090.36262274 1.0
8090.3901229 0.0
8090.47262336 0.0
8090.50012352 1.0
8091.21512757 1.0
8091.24262772 0.0
8091.27012788 1.0
8092.15013286 1.0
8092.17763302 0.0
8092.20513317 0.0
8092.23263333 1.0
8094.5426464 1.0
8094.57014656 0.0
8094.70764734 0.0
8094.73514749 1.0
8100.15267816 1.0
8100.18017831 0.0
8100.20767847 1.0
8102.27019014 1.0
8102.2976903 0.0
8102.98519419 0.0
8103.01269434 1.0
8105.90021069 1.0
8105.92771084 0.0
8106.50521411 0.0
8106.53271427 1.0
8107.49521972 1.0
8107.52271987 0.0
8107.77022127 0.0
8107.79772143 1.0
8117.53277653 1.0
8117.56027669 0.0
8117.89027855 0.0
8117.91777871 1.0
8118.49528198 1.0
8118.52278214 0.0
8118.63278276 0.0
8118.66028291 1.0
8119.81528945 1.0
8119.84278961 0.0
8119.87028976 0.0
8119.89778992 1.0
8121.71280019 1.0
8121.74030035 0.0
8121.85030097 0.0
8121.87780113 1.0
8128.23033708 1.0
8128.25783724 0.0
8128.28533739 0.0
8128.31283755 1.0
8129.79784595 1.0
8129.82534611 0.0
8130.0178472 0.0
8130.04534736 1.0
8130.54035016 1.0
8130.56785031 0.0
8130.89785218 0.0
8130.92535234 1.0
8131.42035514 1.0
8131.44785529 0.0
8131.50285561 0.0
8131.53035576 1.0
8140.30290542 1.0
8140.33040557 0.0
8140.49540651 0.0
8140.52290666 1.0
8204.92827121 1.0
8204.95577137 0.0
8205.17577261 0.0
8205.20327277 1.0
8205.72577572 1.0
8205.75327588 0.0
8206.46827993 0.0
8206.49578008 1.0
8207.67828678 1.0
8207.70578693 0.0
8208.72329269 0.0
8208.75079285 1.0
8209.30079596 1.0
8209.32829611 0.0
8209.87829923 0.0
8209.90579938 1.0
8210.37330203 1.0
8210.40080219 0.0
8210.64830359 0.0
8210.67580374 1.0
8215.48833098 1.0
8215.51583114 0.0
8215.5983316 0.0
8215.62583176 1.0
8217.79834406 1.0
8217.82584421 0.0
8218.15584608 0.0
8218.18334624 1.0
8222.33586974 1.0
8222.3633699 0.0
8222.44587036 0.0
8222.47337052 1.0
8247.71851341 1.0
8247.74601357 0.0
8247.80101388 0.0
8247.82851403 1.0
8248.35101699 1.0
8248.37851715 0.0
8248.4060173 1.0
8249.64352431 1.0
8249.67102446 0.0
8249.80852524 0.0
8249.8360254 1.0
8252.20103878 1.0
8252.22853894 0.0
8252.33853956 0.0
8252.36603972 1.0
8253.13604408 1.0
8253.16354423 0.0
8253.52104626 0.0
8253.54854641 1.0
8268.23362953 1.0
8268.26112969 0.0
8268.50863109 0.0
8268.53613124 1.0
8270.02113965 1.0
8270.04863981 0.0
8270.43364198 0.0
8270.46114214 1.0
8272.00115086 1.0
8272.02865101 0.0
8272.19365195 0.0
8272.2211521 1.0
8286.27373164 1.0
8286.3012318 0.0
8286.32873195 0.0
8286.35623211 1.0
8287.09873631 1.0
8287.12623647 0.0
8287.18123678 0.0
8287.20873694 1.0
8299.36380574 1.0
8299.39130589 0.0
8299.63880729 0.0
8299.66630745 1.0
8311.3538736 1.0
8311.38137376 0.0
8311.601375 0.0
8311.62887516 1.0
8325.51645377 1.0
8325.54395392 0.0
8325.65395454 0.0
8325.6814547 1.0
8326.14895735 1.0
8326.1764575 0.0
8326.34145844 0.0
8326.36895859 1.0
8327.11146279 1.0
8327.13896295 0.0
8327.30396388 0.0
8327.33146404 1.0
8330.05397945 1.0
8330.0814796 0.0
8330.21898038 0.0
8330.24648054 1.0
8342.45654965 1.0
8342.48404981 0.0
8343.28155432 0.0
8343.30905448 1.0
8345.23406537 1.0
8345.26156553 0.0
8345.81156864 0.0
8345.8390688 1.0
8347.37907751 1.0
8347.40657767 0.0
8347.5715786 0.0
8347.59907876 1.0
8349.05658701 1.0
8349.08408716 0.0
8349.19408779 0.0
8349.22158794 1.0
8350.43159479 1.0
8350.45909495 0.0
8350.76159666 0.0
8350.78909681 1.0
8352.74160787 1.0
8352.76910802 0.0
8352.79660818 1.0
8353.70411331 1.0
8353.73161347 0.0
8354.17161596 0.0
8354.19911612 1.0
8357.77413635 1.0
8357.80163651 0.0
8357.9941376 0.0
8358.02163775 1.0
8360.44165145 1.0
8360.46915161 0.0
8361.34915659 0.0
8361.37665674 1.0
8362.31166203 1.0
8362.33916219 0.0
8363.32916779 0.0
8363.35666795 1.0
8366.62918647 1.0
8366.65668663 0.0
8366.7391871 0.0
8366.76668725 1.0
8367.7291927 1.0
8367.75669285 0.0
8368.03169441 0.0
8368.05919457 1.0
8370.34170749 1.0
8370.36920764 0.0
8370.97421107 0.0
8371.00171122 1.0
8373.77922694 1.0
8373.8067271 0.0
8374.19172928 0.0
8374.21922943 1.0
8377.35424718 1.0
8377.38174733 0.0
8377.65674889 0.0
8377.68424905 1.0
8380.84676695 1.0
8380.8742671 0.0
8380.92926741 0.0
8380.95676757 1.0
8381.61677131 1.0
8381.64427146 0.0
8383.34928111 0.0
8383.37678127 1.0
8392.23183139 1.0
8392.25933154 0.0
8394.9543468 0.0
8394.98184696 1.0
8395.42184945 1.0
8395.4493496 0.0
8395.64185069 0.0
8395.66935085 1.0
8397.59436174 1.0
8397.6218619 0.0
8397.78686283 0.0
8397.81436299 1.0
8400.81187995 1.0
8400.83938011 0.0
8401.85688587 0.0
8401.88438602 1.0
8403.36939443 1.0
8403.39689459 0.0
8404.96440346 0.0
8404.99190361 1.0
8405.67940751 1.0
8405.70690766 0.0
8406.06440968 0.0
8406.09190984 1.0
8406.8619142 1.0
8406.88941435 0.0
8406.99941498 0.0
8407.02691513 1.0
8408.3469226 1.0
8408.37442276 0.0
8408.89692572 0.0
8408.92442587 1.0
8409.36442836 1.0
8409.39192852 0.0
8410.07943241 0.0
8410.10693257 1.0
8412.47194595 1.0
8412.49944611 0.0
8412.9394486 0.0
8412.96694875 1.0
8413.79195342 1.0
8413.81945358 0.0
8416.1019665 0.0
8416.12946666 1.0
8421.38199639 1.0
8421.40949654 0.0
8422.56450308 0.0
8422.59200323 1.0
8423.1695065 1.0
8423.19700666 0.0
8424.1045118 0.0
8424.13201195 1.0
8424.5995146 1.0
8424.62701475 0.0
8425.3420188 0.0
8425.36951896 1.0
8425.80952145 1.0
8425.8370216 0.0
8427.45953079 0.0
8427.48703094 1.0
8428.47703655 1.0
8428.5045367 0.0
8428.80703841 0.0
8428.83453857 1.0
8429.41204184 1.0
8429.43954199 0.0
8429.71454355 0.0
8429.74204371 1.0
8431.06205118 1.0
8431.08955133 0.0
8431.4195532 0.0
8431.44705336 1.0
8433.70206612 1.0
8433.72956628 0.0
8434.44457032 0.0
8434.47207048 1.0
8435.40707577 1.0
8435.43457593 0.0
8436.09457966 0.0
8436.12207982 1.0
8437.44208729 1.0
8437.46958745 0.0
8437.85458962 0.0
8437.88208978 1.0
8439.28459772 1.0
8439.31209787 0.0
8439.33959803 1.0
8440.79710628 1.0
8440.82460644 0.0
8441.89711251 0.0
8441.92461266 1.0
8442.5846164 1.0
8442.61211655 0.0
8442.69461702 0.0
8442.72211718 1.0
8443.49212153 1.0
8443.51962169 0.0
8444.3171262 0.0
8444.34462636 1.0
8445.2521315 1.0
8445.27963165 0.0
8446.68213959 0.0
8446.70963975 1.0
8447.50714426 1.0
8447.53464442 0.0
8448.11214768 0.0
8448.13964784 1.0
8449.1571536 1.0
8449.18465375 0.0
8449.43215516 0.0
8449.45965531 1.0
8449.98215827 1.0
8450.00965842 0.0
8450.58716169 0.0
8450.61466185 1.0
8451.0821645 1.0
8451.10966465 0.0
8452.04466994 0.0
8452.0721701 1.0
8453.77717975 1.0
8453.80467991 0.0
8454.02468115 0.0
8454.05218131 1.0
8454.87718598 1.0
8454.90468613 0.0
8459.00220932 0.0
8459.02970948 1.0
8459.68971322 1.0
8459.71721337 0.0
8462.08222676 0.0
8462.10972691 1.0
8463.07223236 1.0
8463.09973252 0.0
8463.75973625 0.0
8463.78723641 1.0
8464.25473906 1.0
8464.28223921 0.0
8464.39223983 0.0
8464.41973999 1.0
8466.34475088 1.0
8466.37225104 0.0
8469.78227034 0.0
8469.8097705 1.0
8470.27727314 1.0
8470.3047733 0.0
8471.23977859 0.0
8471.26727875 1.0
8471.81728186 1.0
8471.84478202 0.0
8472.17478388 0.0
8472.20228404 1.0
8472.724787 1.0
8472.75228715 0.0
8475.61230334 0.0
8475.6398035 1.0
8476.16230645 1.0
8476.18980661 0.0
8476.35480754 0.0
8476.3823077 1.0
8477.01481128 1.0
8477.04231144 0.0
8479.76482685 0.0
8479.792327 1.0
8480.69983214 1.0
8480.72733229 0.0
8480.89233323 0.0
8480.91983338 1.0
8481.49733665 1.0
8481.52483681 0.0
8481.74483805 0.0
8481.77233821 1.0
8483.2023463 1.0
8483.22984646 0.0
8484.43985331 0.0
8484.46735346 1.0
8485.07235689 1.0
8485.09985704 0.0
8488.7848779 0.0
8488.81237806 1.0
8489.66488288 1.0
8489.69238304 0.0
8490.32488662 0.0
8490.35238677 1.0
8490.9573902 1.0
8490.98489035 0.0
8493.67990561 0.0
8493.70740576 1.0
8494.47741012 1.0
8494.50491028 0.0
8495.74241728 0.0
8495.76991744 1.0
8496.59492211 1.0
8496.62242226 0.0
8498.43743254 0.0
8498.46493269 1.0
8499.61993923 1.0
8499.64743939 0.0
8500.77494577 0.0
8500.80244592 1.0
8501.24244841 1.0
8501.26994857 0.0
8501.87495199 0.0
8501.90245215 1.0
8502.56245589 1.0
8502.58995604 0.0
8504.40496631 0.0
8504.43246647 1.0
8504.95496943 1.0
8504.98246958 0.0
8505.09247021 0.0
8505.11997036 1.0
8505.83497441 1.0
8505.86247456 0.0
8507.7599853 0.0
8507.78748546 1.0
8508.58498997 1.0
8508.61249013 0.0
8511.72000772 0.0
8511.74750787 1.0
8512.3525113 1.0
8512.38001145 0.0
8513.72751908 0.0
8513.75501924 1.0
8515.18502733 1.0
8515.21252749 0.0
8515.24002764 0.0
8515.2675278 1.0
8515.90003138 1.0
8515.92753153 0.0
8517.41253994 0.0
8517.4400401 1.0
8517.90754274 1.0
8517.9350429 0.0
8518.01754336 0.0
8518.04504352 1.0
8518.6775471 1.0
8518.70504726 0.0
8518.78754772 0.0
8518.81504788 1.0
8519.36505099 1.0
8519.39255115 0.0
8520.98756018 0.0
8521.01506033 1.0
8522.44506843 1.0
8522.47256858 0.0
8524.67258103 0.0
8524.70008119 1.0
8525.7450871 1.0
8525.77258726 0.0
8526.81759317 0.0
8526.84509333 1.0
8527.4225966 1.0
8527.45009675 0.0
8528.27510142 0.0
8528.30260158 1.0
8529.01760563 1.0
8529.04510578 0.0
8531.90512197 0.0
8531.93262213 1.0
8532.7576268 1.0
8532.78512695 0.0
8533.52763116 0.0
8533.55513131 1.0
8534.18763489 1.0
8534.21513505 0.0
8536.71764921 0.0
8536.74514937 1.0
8537.51515373 1.0
8537.54265388 0.0
8538.45015902 0.0
8538.47765917 1.0
8539.35766415 1.0
8539.38516431 0.0
#########################
8541.050       0.0000000
8541.086       1.0000000
8541.471       1.0000000
8541.507       0.0000000
#########################
8541.83267816 0.0
8541.86017832 1.0
8542.57518237 1.0
8542.60268252 0.0
8542.65768283 0.0
8542.68518299 1.0
8543.62018828 1.0
8543.64768844 0.0
8548.18521412 0.0
8548.21271428 1.0
8548.92771832 1.0
8548.95521848 0.0
8549.23022004 0.0
8549.25772019 1.0
8549.78022315 1.0
8549.8077233 0.0
8551.70523404 0.0
8551.7327342 1.0
8552.227737 1.0
8552.25523716 0.0
8552.44773825 0.0
8552.4752384 1.0
8553.05274167 1.0
8553.08024183 0.0
8554.62025054 0.0
8554.6477507 1.0
8555.08775319 1.0
8555.11525335 0.0
8555.72025677 0.0
8555.74775693 1.0
8556.49026113 1.0
8556.51776128 0.0
8556.95776377 0.0
8556.98526393 1.0
8557.67276782 1.0
8557.70026798 0.0
8558.05777 0.0
8558.08527016 1.0
8558.96527514 1.0
8558.99277529 0.0
8560.61528448 0.0
8560.64278463 1.0
8561.19278775 1.0
8561.2202879 0.0
8564.3828058 0.0
8564.41030596 1.0
8565.04280954 1.0
8565.07030969 0.0
8570.76284191 0.0
8570.79034207 1.0
8571.39534549 1.0
8571.42284565 0.0
8572.6328525 0.0
8572.66035265 1.0
8574.31036199 1.0
8574.33786215 0.0
8575.10786651 0.0
8575.13536666 1.0
8575.7953704 1.0
8575.82287056 0.0
8576.0428718 0.0
8576.07037196 1.0
8576.59287491 1.0
8576.62037507 0.0
8577.74788145 0.0
8577.77538161 1.0
8578.60038628 1.0
8578.62788643 0.0
8582.89041056 0.0
8582.91791072 1.0
8583.88041616 1.0
8583.90791632 0.0
8588.88544449 0.0
8588.91294465 1.0
8589.6279487 1.0
8589.65544885 0.0
8592.37796426 0.0
8592.40546442 1.0
8592.98296769 1.0
8593.01046784 0.0
8593.17546878 0.0
8593.20296893 1.0
8593.83547251 1.0
8593.86297267 0.0
8594.66047718 0.0
8594.68797734 1.0
8595.18298014 1.0
8595.21048029 0.0
8597.16299135 0.0
8597.1904915 1.0
8597.6854943 1.0
8597.71299446 0.0
8603.10302497 0.0
8603.13052512 1.0
8603.59802777 1.0
8603.62552792 0.0
8607.75055127 0.0
8607.77805143 1.0
8608.30055439 1.0
8608.32805454 0.0
8610.14306482 0.0
8610.17056497 1.0
8610.61056746 1.0
8610.63806762 0.0
8611.65557338 0.0
8611.68307353 1.0
8612.15057618 1.0
8612.17807633 0.0
8612.56307851 0.0
8612.59057867 1.0
8613.08558147 1.0
8613.11308163 0.0
8626.91815977 0.0
8626.94565992 1.0
8627.38566241 1.0
8627.41316257 0.0
8628.48566864 0.0
8628.51316879 1.0
8628.98067144 1.0
8629.0081716 0.0
8639.4857309 0.0
8639.51323106 1.0
8639.95323355 1.0
8639.9807337 0.0
8647.02077355 0.0
8647.04827371 1.0
8647.4882762 1.0
8647.51577635 0.0
8653.20830857 0.0
8653.23580873 1.0
8653.67581122 1.0
8653.70331138 0.0
8737.68878675 0.0
8737.71628691 1.0
8738.23878987 1.0
8738.26629002 0.0
8750.806361 0.0
8750.83386116 1.0
8751.3013638 1.0
8751.32886396 0.0
8760.5414161 0.0
8760.56891626 1.0
8761.06391906 1.0
8761.09141922 0.0
8763.34643198 0.0
8763.37393214 1.0
8763.84143478 1.0
8763.86893494 0.0
8772.11898164 0.0
8772.14648179 1.0
8772.64148459 1.0
8772.66898475 0.0
8782.23903892 0.0
8782.26653907 1.0
8782.84404234 1.0
8782.8715425 0.0
8783.17404421 0.0
8783.20154437 1.0
8783.64154686 1.0
8783.66904701 0.0
8784.57655215 0.0
8784.6040523 1.0
8785.09905511 1.0
8785.12655526 0.0
8786.99656585 0.0
8787.024066 1.0
8787.49156865 1.0
8787.5190688 0.0
8788.09657207 0.0
8788.12407223 1.0
8788.61907503 1.0
8788.64657519 0.0
8789.11407783 0.0
8789.14157799 1.0
8789.63658079 1.0
8789.66408094 0.0
8794.47660818 0.0
8794.50410834 1.0
8795.05411145 1.0
8795.08161161 0.0
8802.01165083 0.0
8802.03915099 1.0
8802.67165457 1.0
8802.69915473 0.0
8805.47667045 0.0
8805.5041706 1.0
8806.19167449 1.0
8806.21917465 0.0
8807.59418243 0.0
8807.62168259 1.0
8808.08918523 1.0
8808.11668539 0.0
8811.60920516 0.0
8811.63670531 1.0
8812.10420796 1.0
8812.13170812 0.0
8813.72671714 0.0
8813.7542173 1.0
8814.55172181 1.0
8814.57922197 0.0
8820.84925746 0.0
8820.87675762 1.0
8823.04926991 1.0
8823.07677007 0.0
8824.50677816 0.0
8824.53427832 1.0
8825.11178159 1.0
8825.13928174 0.0
8832.75682486 0.0
8832.78432501 1.0
8834.04933217 1.0
8834.07683233 0.0
8837.54185194 0.0
8837.5693521 1.0
8838.47685724 1.0
8838.50435739 0.0
8838.72435864 0.0
8838.75185879 1.0
8839.27436175 1.0
8839.30186191 0.0
8840.53936891 0.0
8840.56686907 1.0
8841.17187249 1.0
8841.19937265 0.0
8841.61187498 0.0
8841.63937514 1.0
8842.13437794 1.0
8842.16187809 0.0
8848.10191172 0.0
8848.12941187 1.0
8848.76191545 1.0
8848.78941561 0.0
8849.88942183 0.0
8849.91692199 1.0
8850.38442464 1.0
8850.41192479 0.0
8852.8869388 0.0
8852.91443896 1.0
8853.3819416 1.0
8853.40944176 0.0
8854.37194721 0.0
8854.39944736 1.0
8855.16945172 1.0
8855.19695188 0.0
8859.26697491 0.0
8859.29447507 1.0
8860.58698238 1.0
8860.61448254 0.0
8860.72448316 0.0
8860.75198332 1.0
8861.74198892 1.0
8861.76948908 0.0
8867.35202068 0.0
8867.37952083 1.0
8867.87452363 1.0
8867.90202379 0.0
8868.2045255 0.0
8868.23202566 1.0
8869.16703095 1.0
8869.1945311 0.0
8871.14704216 0.0
8871.17454231 1.0
8871.83454605 1.0
8871.8620462 0.0
8874.47456099 0.0
8874.50206115 1.0
8875.07956442 1.0
8875.10706457 0.0
8879.69959057 0.0
8879.72709072 1.0
8880.30459399 1.0
8880.33209415 0.0
8880.55209539 0.0
8880.57959555 1.0
8882.39460582 1.0
8882.42210598 0.0
8883.68711314 0.0
8883.71461329 1.0
8884.9521203 1.0
8884.97962045 0.0
8888.99464318 0.0
8889.02214333 1.0
8889.48964598 1.0
8889.51714614 0.0
8891.35965656 0.0
8891.38715672 1.0
8891.82715921 1.0
8891.85465937 0.0
8895.86968209 0.0
8895.89718225 1.0
8896.50218567 1.0
8896.52968583 0.0
8896.55718598 1.0
8897.27219003 1.0
8897.29969019 0.0
8898.56469735 0.0
8898.5921975 1.0
8899.63720342 1.0
8899.66470357 0.0
8901.03971136 0.0
8901.06721151 1.0
8901.78221556 1.0
8901.80971571 0.0
8902.57972007 0.0
8902.60722023 1.0
8903.56972568 1.0
8903.59722583 0.0
8909.28975805 0.0
8909.31725821 1.0
8910.38976428 1.0
8910.41726443 0.0
8913.02977922 0.0
8913.05727938 1.0
8914.01978483 1.0
8914.04728498 0.0
8917.92480693 0.0
8917.95230708 1.0
8918.7498116 1.0
8918.77731175 0.0
8919.2448144 0.0
8919.27231456 1.0
8920.59232203 1.0
8920.61982218 0.0
8921.60982779 0.0
8921.63732794 1.0
8922.95733541 1.0
8922.98483557 0.0
8923.75483993 0.0
8923.78234008 1.0
8924.35984335 1.0
8924.38734351 0.0
8925.01984709 0.0
8925.04734724 1.0
8925.92735222 1.0
8925.95485238 0.0
8926.88985767 0.0
8926.91735783 1.0
8927.46736094 1.0
8927.4948611 0.0
8928.67736779 0.0
8928.70486795 1.0
8929.74987386 1.0
8929.77737402 0.0
8930.657379 0.0
8930.68487915 1.0
8933.70989628 1.0
8933.73739643 0.0
8933.76489659 1.0
8935.22240484 1.0
8935.24990499 0.0
8935.66240733 0.0
8935.68990748 1.0
8937.36741698 1.0
8937.39491713 0.0
8937.58741822 0.0
8937.61491838 1.0
8938.68742445 1.0
8938.71492461 0.0
8939.31992803 0.0
8939.34742819 1.0
8939.86993114 1.0
8939.8974313 0.0
8939.92493145 0.0
8939.95243161 1.0
8940.50243472 1.0
8940.52993488 0.0
8942.01494328 0.0
8942.04244344 1.0
8943.554952 1.0
8943.58245216 0.0
8943.69245278 0.0
8943.71995294 1.0
8945.56246336 1.0
8945.58996352 0.0
8946.19496694 0.0
8946.2224671 1.0
8947.12997224 1.0
8947.15747239 0.0
8947.95497691 0.0
8947.98247706 1.0
8950.07248889 1.0
8950.09998905 0.0
8950.1274892 0.0
8950.15498936 1.0
8952.0525001 1.0
8952.08000025 0.0
8952.60250321 0.0
8952.63000337 1.0
8961.98005629 1.0
8962.00755645 0.0
8962.5300594 0.0
8962.55755956 1.0
9036.31297703 1.0
9036.34047719 0.0
9036.6429789 0.0
9036.67047906 1.0
9038.26548808 1.0
9038.29298824 0.0
9040.74050209 0.0
9040.76800225 1.0
9046.84553665 1.0
9046.8730368 0.0
9048.11054381 0.0
9048.13804396 1.0
9048.63304677 1.0
9048.66054692 0.0
9049.0455491 0.0
9049.07304926 1.0
9051.68556404 1.0
9051.7130642 0.0
9052.18056685 0.0
9052.208067 1.0
9057.57059736 1.0
9057.59809751 0.0
9058.17560078 0.0
9058.20310094 1.0
9168.14872325 1.0
9168.17622341 0.0
9168.34122434 0.0
9168.3687245 1.0
9191.16635354 1.0
9191.19385369 0.0
9191.82635727 0.0
9191.85385743 1.0
9203.95392592 1.0
9203.98142607 0.0
9204.14642701 0.0
9204.17392716 1.0
9204.64142981 1.0
9204.66892996 0.0
9205.74143604 0.0
9205.76893619 1.0
9221.30652414 1.0
9221.33402429 0.0
9221.60902585 0.0
9221.636526 1.0
9225.59654842 1.0
9225.62404858 0.0
9225.78904951 0.0
9225.81654966 1.0
9228.92406725 1.0
9228.95156741 0.0
9229.50157052 0.0
9229.52907068 1.0
9244.04915287 1.0
9244.07665302 0.0
9244.10415318 0.0
9244.13165333 1.0
9250.56668976 1.0
9250.59418991 0.0
9250.67669038 0.0
9250.70419053 1.0
9266.8467819 1.0
9266.87428206 0.0
9266.90178222 0.0
9266.92928237 1.0
9270.31180152 1.0
9270.33930167 0.0
9270.61430323 0.0
9270.64180339 1.0
9699.20422914 1.0
9699.2317293 0.0
9699.25922946 0.0
9699.28672961 1.0
9708.88428394 1.0
9708.91178409 0.0
9709.57178783 0.0
9709.59928798 1.0
9721.20435367 1.0
9721.23185383 0.0
9721.39685476 0.0
9721.42435492 1.0
9772.60214459 1.0
9772.62964475 0.0
9773.61965035 0.0
9773.64715051 1.0
9799.24979542 1.0
9799.27729558 0.0
9799.71729807 0.0
9799.74479823 1.0
9809.45235317 1.0
9809.47985333 0.0
9810.27735784 0.0
9810.304858 1.0
9812.03736781 1.0
9812.06486796 0.0
9812.36736967 0.0
9812.39486983 1.0
9813.7148773 1.0
9813.74237746 0.0
9814.2098801 0.0
9814.23738026 1.0
9817.26239738 1.0
9817.28989754 0.0
9817.31739769 0.0
9817.34489785 1.0
9821.79992306 1.0
9821.82742322 0.0
9823.36743194 0.0
9823.39493209 1.0
9825.34744314 1.0
9825.3749433 0.0
9825.40244345 0.0
9825.42994361 1.0
9830.73747365 1.0
9830.76497381 0.0
9831.09497568 0.0
9831.12247583 1.0
9832.33248268 1.0
9832.35998284 0.0
9832.71748486 0.0
9832.74498501 1.0
9836.37500556 1.0
9836.40250572 0.0
9836.84250821 0.0
9836.87000836 1.0
9837.50251194 1.0
9837.5300121 0.0
9837.83251381 0.0
9837.86001397 1.0
9841.60003514 1.0
9841.62753529 0.0
9841.79253623 0.0
9841.82003638 1.0
9843.41504541 1.0
9843.44254557 0.0
9844.26755024 0.0
9844.29505039 1.0
9854.66260907 1.0
9854.69010923 0.0
9854.82761001 0.0
9854.85511016 1.0
9856.17511763 1.0
9856.20261779 0.0
9856.80762121 0.0
9856.83512137 1.0
9858.12762869 1.0
9858.15512884 0.0
9858.26512946 0.0
9858.29262962 1.0
9860.52014223 1.0
9860.54764238 0.0
9861.04264519 0.0
9861.07014534 1.0
9861.56514814 1.0
9861.5926483 0.0
9862.39015281 0.0
9862.41765297 1.0
9864.5076648 1.0
9864.53516495 0.0
9866.70767725 0.0
9866.73517741 1.0
9867.31268068 1.0
9867.34018083 0.0
9867.6701827 0.0
9867.69768285 1.0
9868.74268877 1.0
9868.77018893 0.0
9869.1551911 0.0
9869.18269126 1.0
9873.55521601 1.0
9873.58271617 0.0
9873.66521663 0.0
9873.69271679 1.0
9874.2427199 1.0
9874.27022006 0.0
9875.17772519 0.0
9875.20522535 1.0
9877.84524029 1.0
9877.87274045 0.0
9880.40275477 0.0
9880.43025492 1.0
9881.69526208 1.0
9881.72276224 0.0
9881.9977638 0.0
9882.02526395 1.0
9882.9877694 1.0
9883.01526956 0.0
9883.64777314 0.0
9883.67527329 1.0
9884.28027672 1.0
9884.30777687 0.0
9886.86529135 0.0
9886.8927915 1.0
9889.01030349 1.0
9889.03780364 0.0
9890.22031034 0.0
9890.24781049 1.0
9891.37531688 1.0
9891.40281703 0.0
9891.51281765 0.0
9891.54031781 1.0
9892.17282139 1.0
9892.20032155 0.0
9892.33782232 0.0
9892.36532248 1.0
9893.30032777 1.0
9893.32782793 0.0
9893.82283073 0.0
9893.85033088 1.0
9894.51033462 1.0
9894.53783478 0.0
9895.30783913 0.0
9895.33533929 1.0
9895.8853424 1.0
9895.91284256 0.0
9895.96784287 0.0
9895.99534303 1.0
9897.92035392 1.0
9897.94785408 0.0
9898.36035641 0.0
9898.38785657 1.0
9903.80538723 1.0
9903.83288739 0.0
9903.94288801 0.0
9903.97038817 1.0
9905.15289486 1.0
9905.18039502 0.0
9907.38040747 0.0
9907.40790762 1.0
9908.17791198 1.0
9908.20541214 0.0
9910.26792381 0.0
9910.29542397 1.0
9911.58793128 1.0
9911.61543144 0.0
9912.49543642 0.0
9912.52293658 1.0
9913.3754414 1.0
9913.40294156 0.0
9914.1179456 0.0
9914.14544576 1.0
9914.99795059 1.0
9915.02545074 0.0
9916.0429565 0.0
9916.07045666 1.0
9916.97796179 1.0
9917.00546195 0.0
9917.66546568 0.0
9917.69296584 1.0
9918.51797051 1.0
9918.54547066 0.0
9921.54298763 0.0
9921.57048779 1.0
9923.57799915 1.0
9923.60549931 0.0
9925.22800849 0.0
9925.25550865 1.0
9926.54801596 1.0
9926.57551612 0.0
9928.25302561 0.0
9928.28052577 1.0
9930.53553853 1.0
9930.56303869 0.0
9930.97554102 0.0
9931.00304118 1.0
9932.18554787 1.0
9932.21304803 0.0
9932.59805021 0.0
9932.62555036 1.0
9934.24805954 1.0
9934.2755597 0.0
9935.07306421 0.0
9935.10056437 1.0
9935.65056748 1.0
9935.67806764 0.0
9936.80557402 0.0
9936.83307418 1.0
9937.54807822 1.0
9937.57557838 0.0
9938.20808196 0.0
9938.23558212 1.0
9938.8680857 1.0
9938.89558585 0.0
9941.92060297 0.0
9941.94810313 1.0
9943.13060982 1.0
9943.15810998 0.0
9943.70811309 0.0
9943.73561325 1.0
9944.56061792 1.0
9944.58811807 0.0
9949.12564376 0.0
9949.15314391 1.0
9949.64814671 1.0
9949.67564687 0.0
9952.59066337 0.0
9952.61816352 1.0
9953.80067022 1.0
9953.82817037 0.0
9953.99317131 0.0
9954.02067146 1.0
9955.09317753 1.0
9955.12067769 0.0
9955.47817971 0.0
9955.50567987 1.0
9955.97318251 1.0
9956.00068267 0.0
9957.92569357 0.0
9957.95319372 1.0
9958.69569792 1.0
9958.72319808 0.0
9959.27320119 0.0
9959.30070135 1.0
9960.59320866 1.0
9960.62070882 0.0
9960.89571038 0.0
9960.92321053 1.0
9961.36321302 1.0
9961.39071318 0.0
9964.14072874 0.0
9964.1682289 1.0
9964.71823201 1.0
9964.74573217 0.0
9967.05574524 0.0
9967.0832454 1.0
9967.52324789 1.0
9967.55074805 0.0
9968.23825194 0.0
9968.26575209 1.0
9968.81575521 1.0
9968.84325536 0.0
9969.55825941 0.0
9969.58575956 1.0
9970.52076486 1.0
9970.54826501 0.0
9971.89577264 0.0
9971.9232728 1.0
9972.50077606 1.0
9972.52827622 0.0
9973.38078104 0.0
9973.4082812 1.0
9973.84828369 1.0
9973.87578385 0.0
9977.09330206 0.0
9977.12080221 1.0
9977.64330517 1.0
9977.67080533 0.0
9979.32081467 0.0
9979.34831482 1.0
9980.31082027 1.0
9980.33832043 0.0
9981.38332634 0.0
9981.4108265 1.0
9981.87832914 1.0
9981.9058293 0.0
9986.44335498 0.0
9986.47085514 1.0
9987.32335996 1.0
9987.35086012 0.0
9988.91836899 0.0
9988.94586915 1.0
9989.60587288 1.0
9989.63337304 0.0
9990.76087942 0.0
9990.78837958 1.0
9991.28338238 1.0
9991.31088253 0.0
9991.33838269 0.0
9991.36588284 1.0
9992.05338674 1.0
9992.08088689 0.0
9995.16090433 0.0
9995.18840448 1.0
9996.28841071 1.0
9996.31591086 0.0
9997.223416 0.0
9997.25091616 1.0
9997.80091927 1.0
9997.82841942 0.0
10000.1934328 0.0
10000.220933 1.0
10000.8259364 1.0
10000.8534365 0.0
10000.9909373 0.0
10001.0184375 1.0
10002.5859464 1.0
10002.6134465 0.0
10004.5109572 0.0
10004.5384574 1.0
10005.0059601 1.0
10005.0334602 0.0
10012.596003 0.0
10012.6235032 1.0
10013.6960092 1.0
10013.7235094 0.0
10013.9710108 0.0
10013.998511 1.0
10015.59352 1.0
10015.6210201 0.0
10018.1235343 0.0
10018.1510345 1.0
10020.2960466 1.0
10020.3235468 0.0
10020.6810488 0.0
10020.7085489 1.0
10021.8635555 1.0
10021.8910556 0.0
10023.9260671 0.0
10023.9535673 1.0
10026.7035829 1.0
10026.731083 0.0
10028.3535922 0.0
10028.3810924 1.0
10028.9860958 1.0
10029.0135959 0.0
10039.2436538 0.0
10039.271154 1.0
10041.0036638 1.0
10041.031164 0.0
10043.5336781 0.0
10043.5611783 1.0
10044.9636862 1.0
10044.9911864 0.0
10050.1337155 0.0
10050.1612156 1.0
10051.3987226 1.0
10051.4262228 0.0
10055.5512461 0.0
10055.5787463 1.0
10056.6237522 1.0
10056.6512524 0.0
10061.353779 0.0
10061.3812791 1.0
10062.1787837 1.0
10062.2062838 0.0
10066.3313072 0.0
10066.3588073 1.0
10067.2113121 1.0
10067.2388123 0.0
10070.4563305 0.0
10070.4838307 1.0
10071.0613339 1.0
10071.0888341 0.0
10071.9688391 0.0
10071.9963392 1.0
10072.8213439 1.0
10072.8488441 0.0
10076.011362 0.0
10076.0388621 1.0
10076.6163654 1.0
10076.6438655 0.0
10077.0013676 0.0
10077.0288677 1.0
10077.5238705 1.0
10077.5513707 0.0
10079.8063834 0.0
10079.8338836 1.0
10080.9888901 1.0
10081.0163903 0.0
10081.8138948 0.0
10081.841395 1.0
10082.3088976 1.0
10082.3363978 0.0
10084.1789082 0.0
10084.2064083 1.0
10085.0039129 1.0
10085.031413 0.0
10089.2939371 0.0
10089.3214373 1.0
10090.503944 1.0
10090.5314441 0.0
10091.6589505 0.0
10091.6864507 1.0
10092.7039564 1.0
10092.7314566 0.0
10093.6389617 0.0
10093.6664619 1.0
10094.738968 1.0
10094.7664681 0.0
10094.8489686 0.0
10094.8764687 1.0
10096.1414759 1.0
10096.1689761 0.0
10097.1039813 0.0
10097.1314815 1.0
10098.1489873 1.0
10098.1764874 0.0
10099.8814971 0.0
10099.9089972 1.0
10100.761502 1.0
10100.7890022 0.0
10102.1365098 0.0
10102.16401 1.0
10103.1540156 1.0
10103.1815157 0.0
10105.0240262 0.0
10105.0515263 1.0
10105.5740293 1.0
10105.6015294 0.0
10108.1315438 0.0
10108.1590439 1.0
10108.9840486 1.0
10109.0115487 0.0
10112.229067 0.0
10112.2565671 1.0
10112.8340704 1.0
10112.8615705 0.0
10114.4565796 0.0
10114.4840797 1.0
10115.061583 1.0
10115.0890831 0.0
10117.6740978 0.0
10117.7015979 1.0
10118.4716023 1.0
10118.4991024 0.0
10119.0216054 0.0
10119.0491056 1.0
10119.654109 1.0
10119.6816091 0.0
10121.1666175 0.0
10121.1941177 1.0
10122.3491242 1.0
10122.3766244 0.0
10127.2166518 0.0
10127.2441519 1.0
10127.8216552 1.0
10127.8491554 0.0
10131.6991772 0.0
10131.7266773 1.0
10132.5791821 1.0
10132.6066823 0.0
10143.0842416 0.0
10143.1117418 1.0
10144.2667483 1.0
10144.2942485 0.0
10144.4867495 0.0
10144.5142497 1.0
10145.2292537 1.0
10145.2567539 0.0
10147.0992643 0.0
10147.1267645 1.0
10148.2542709 1.0
10148.281771 0.0
10155.2943107 0.0
10155.3218109 1.0
10156.4218171 1.0
10156.4493173 0.0
10167.889382 0.0
10167.9168822 1.0
10168.7143867 1.0
10168.7418868 0.0
10169.3193901 0.0
10169.3468903 1.0
10170.0618943 1.0
10170.0893945 0.0
10174.3794187 0.0
10174.4069189 1.0
10175.314424 1.0
10175.3419242 0.0
10178.8619441 0.0
10178.8894443 1.0
10179.4119472 1.0
10179.4394474 0.0
10186.0119846 0.0
10186.0394847 1.0
10186.7269886 1.0
10186.7544888 0.0
10192.969524 0.0
10192.9970241 1.0
10194.8670347 1.0
10194.8945349 0.0
10203.5295837 0.0
10203.5570839 1.0
10204.2995881 1.0
10204.3270883 0.0
10204.7395906 0.0
10204.7670907 1.0
10205.4545946 1.0
10205.4820948 0.0
10212.4946345 0.0
10212.5221346 1.0
10213.1271381 1.0
10213.1546382 0.0
10214.4746457 0.0
10214.5021458 1.0
10214.9696485 1.0
10214.9971486 0.0
10215.9321539 0.0
10215.9596541 1.0
10216.647158 1.0
10216.6746581 0.0
10216.7571586 0.0
10216.7846588 1.0
10217.9396653 1.0
10217.9671655 0.0
10228.8572271 0.0
10228.8847273 1.0
10229.9847335 1.0
10230.0122336 0.0
10235.0447621 0.0
10235.0722623 1.0
10236.089768 1.0
10236.1172682 0.0
10237.4372757 0.0
10237.4647758 1.0
10239.444787 1.0
10239.4722872 0.0
10239.4997873 1.0
10240.6272937 1.0
10240.6547939 0.0
10252.5348611 0.0
10252.5623613 1.0
10253.2773653 1.0
10253.3048655 0.0
10257.3473884 0.0
10257.3748885 1.0
10258.337394 1.0
10258.3648941 0.0
10262.5724179 0.0
10262.5999181 1.0
10263.8924254 1.0
10263.9199256 0.0
10272.5824746 0.0
10272.6099747 1.0
10273.5174799 1.0
10273.54498 0.0
10275.2499897 0.0
10275.2774898 1.0
10276.2674955 1.0
10276.2949956 0.0
10276.6524976 0.0
10276.6799978 1.0
10277.2300009 1.0
10277.2575011 0.0
10285.727549 0.0
10285.7550492 1.0
10286.5800538 1.0
10286.607554 0.0
10287.4600588 0.0
10287.487559 1.0
10288.0650622 1.0
10288.0925624 0.0
10288.5050647 0.0
10288.5325649 1.0
10289.1375683 1.0
10289.1650685 0.0
10294.1425966 0.0
10294.1700968 1.0
10294.7751002 1.0
10294.8026004 0.0
10300.0551301 0.0
10300.0826303 1.0
10300.742634 1.0
10300.7701341 0.0
10309.3501827 0.0
10309.3776829 1.0
10309.9551861 1.0
10309.9826863 0.0
10314.4102113 0.0
10314.4377115 1.0
10315.1802157 1.0
10315.2077159 0.0
10333.5778198 0.0
10333.60532 1.0
10334.2378236 1.0
10334.2653237 0.0
10336.6853374 0.0
10336.7128376 1.0
10337.2078404 1.0
10337.2353405 0.0
10358.8229627 0.0
10358.8504629 1.0
10359.2904654 1.0
10359.3179655 0.0
10360.5004722 0.0
10360.5279724 1.0
10361.0504753 1.0
10361.0779755 0.0
10373.1505438 0.0
10373.178044 1.0
10373.7005469 1.0
10373.7280471 0.0
10384.9481106 0.0
10384.9756108 1.0
10385.4431134 1.0
10385.4706136 0.0
10413.0807698 0.0
10413.10827 1.0
10413.630773 1.0
10413.6582731 0.0
10423.1458268 0.0
10423.173327 1.0
10423.6683298 1.0
10423.6958299 0.0
10455.4035094 0.0
10455.4310096 1.0
10455.8985122 1.0
10455.9260124 0.0
#10491.7037149 0.0
#10491.731215 1.0
#10492.1712175 1.0
#10492.1987177 0.0
#10492.2262178 1.0
#10492.6662203 1.0
#10492.6937205 0.0
#10492.7762209 0.0
#10492.8037211 1.0
#10493.2712237 1.0
#10493.2987239 0.0
#10493.4362247 0.0
#10493.4637248 1.0
#10493.9312275 1.0
#10493.9587276 0.0
#10494.206229 0.0
#10494.2337292 1.0
#10494.7012318 1.0
#10494.728732 0.0
#10495.0312337 0.0
#10495.0587339 1.0
#10495.5262365 1.0
#10495.5537367 0.0
#10495.966239 0.0
#10495.9937392 1.0
#10496.4612418 1.0
#10496.488742 0.0
#10496.9562446 0.0
#10496.9837448 1.0
#10497.4787476 1.0
#10497.5062477 0.0
#10498.0562508 0.0
#10498.083751 1.0
#10498.5787538 1.0
#10498.6062539 0.0
#10499.2387575 0.0
#10499.2662577 1.0
#10499.7337603 1.0
#10499.7612605 0.0
#10500.5312648 0.0
#10500.558765 1.0
#10501.0262676 1.0
#10501.0537678 0.0
#10501.8787725 0.0
#10501.9062726 1.0
#10502.3737753 1.0
#10502.4012754 0.0
#10503.3362807 0.0
#10503.3637809 1.0
#10503.8037834 1.0
#10503.8312835 0.0
#10510.8988235 0.0
#10510.9263237 1.0
#10511.3663262 1.0
#10511.3938263 0.0
#10512.7963343 0.0
#10512.8238344 1.0
#10513.2913371 1.0
#10513.3188372 0.0
#10514.8038456 0.0
#10514.8313458 1.0
#10515.2988484 1.0
#10515.3263486 0.0
#10516.8938575 0.0
#10516.9213576 1.0
#10517.3888603 1.0
#10517.4163604 0.0
#10518.9563691 0.0
#10518.9838693 1.0
#10519.5613725 1.0
#10519.5888727 0.0
#10521.3488827 0.0
#10521.3763828 1.0
#10521.8438855 1.0
#10521.8713856 0.0
#10523.6863959 0.0
#10523.7138961 1.0
#10524.1813987 1.0
#10524.2088989 0.0
#10526.1339098 0.0
#10526.1614099 1.0
#10526.6289126 1.0
#10526.6564127 0.0
#10528.6639241 0.0
#10528.6914242 1.0
#10529.1589269 1.0
#10529.186427 0.0
#10531.2764389 0.0
#10531.303939 1.0
#10531.7714417 1.0
#10531.7989418 0.0
#10533.9714541 0.0
#10533.9989543 1.0
#10534.4664569 1.0
#10534.4939571 0.0
#10536.77647 0.0
#10536.8039701 1.0
#10537.2439726 1.0
#10537.2714728 0.0
#10584.5992407 0.0
#10584.6267408 1.0
#10585.0667433 1.0
#10585.0942435 0.0
#10589.3017673 0.0
#10589.3292675 1.0
#10589.8242703 1.0
#10589.8517704 0.0
#10590.3467732 0.0
#10590.3742734 1.0
#10590.8142759 1.0
#10590.841776 0.0
10600.7968324 0.0
10600.8243325 1.0
10601.2918352 1.0
10601.3193353 0.0
10611.1093907 0.0
10611.1368909 1.0
10611.6043935 1.0
10611.6318937 0.0
10611.6593938 0.0
10611.686894 1.0
10612.1543966 1.0
10612.1818968 0.0
10622.8519572 0.0
10622.8794574 1.0
10623.3744602 1.0
10623.4019603 0.0
10623.4844608 0.0
10623.5119609 1.0
10624.1994648 1.0
10624.226965 0.0
10627.6369843 0.0
10627.6644844 1.0
10628.296988 1.0
10628.3244882 0.0
10629.8369967 0.0
10629.8644969 1.0
10630.6345012 1.0
10630.6620014 0.0
10632.5595121 0.0
10632.5870123 1.0
10633.0270148 1.0
10633.0545149 0.0
10633.5770179 0.0
10633.6045181 1.0
10634.1820213 1.0
10634.2095215 0.0
10634.4570229 0.0
10634.484523 1.0
10634.9520257 1.0
10634.9795258 0.0
10636.0795321 0.0
10636.1070322 1.0
10636.5745349 1.0
10636.602035 0.0
10637.5920406 0.0
10637.6195408 1.0
10638.0870434 1.0
10638.1145436 0.0
10639.957054 0.0
10639.9845542 1.0
10640.4520568 1.0
10640.479557 0.0
10641.8270646 0.0
10641.8545648 1.0
10642.3495676 1.0
10642.3770677 0.0
10644.1645778 0.0
10644.192078 1.0
10644.6870808 1.0
10644.7145809 0.0
10646.3920904 0.0
10646.4195906 1.0
10647.7395981 1.0
10647.7670982 0.0
10648.7296037 0.0
10648.7571038 1.0
10649.2796068 1.0
10649.3071069 0.0
10650.4896136 0.0
10650.5171138 1.0
10651.8921216 1.0
10651.9196217 0.0
10653.1571287 0.0
10653.1846289 1.0
10654.2021346 1.0
10654.2296348 0.0
10656.6496485 0.0
10656.6771487 1.0
10657.1996516 1.0
10657.2271518 0.0
10658.3546581 0.0
10658.3821583 1.0
10659.4546644 1.0
10659.4821645 0.0
10662.3146806 0.0
10662.3421807 1.0
10662.8371835 1.0
10662.8646837 0.0
10664.514693 0.0
10664.5421932 1.0
10665.0646961 1.0
10665.0921963 0.0
10668.3647148 0.0
10668.392215 1.0
10668.8322175 1.0
10668.8597176 0.0
10670.0147241 0.0
10670.0422243 1.0
10671.0047298 1.0
10671.0322299 0.0
10674.937252 0.0
10674.9647522 1.0
10675.4047547 1.0
10675.4322548 0.0
10675.7072564 0.0
10675.7347565 1.0
10676.6422617 1.0
10676.6697618 0.0
10676.8622629 0.0
10676.8897631 1.0
10677.8247684 1.0
10677.8522685 0.0
10678.0172694 0.0
10678.0447696 1.0
10678.8697743 1.0
10678.8972744 0.0
10679.1172757 0.0
10679.1447758 1.0
10679.6947789 1.0
10679.7222791 0.0
10679.9147802 0.0
10679.9422803 1.0
10681.124787 1.0
10681.1522872 0.0
10682.1147926 0.0
10682.1422928 1.0
10682.884797 1.0
10682.9122972 0.0
10683.4623003 0.0
10683.4898004 1.0
10683.9848032 1.0
10684.0123034 0.0
10684.4523059 0.0
10684.479806 1.0
10685.0298091 1.0
10685.0573093 0.0
10686.8998197 0.0
10686.9273199 1.0
10687.7248244 1.0
10687.7523245 0.0
10689.7323358 0.0
10689.7598359 1.0
10690.2273386 1.0
10690.2548387 0.0
10691.4373454 0.0
10691.4648456 1.0
10692.2348499 1.0
10692.2623501 0.0
10692.8948537 0.0
10692.9223538 1.0
10693.3623563 1.0
10693.3898565 0.0
10693.4998571 0.0
10693.5273572 1.0
10695.1498664 1.0
10695.1773666 0.0
10698.3398845 0.0
10698.3673846 1.0
10699.7973927 1.0
10699.8248929 0.0
10701.4199019 0.0
10701.4474021 1.0
10702.8774102 1.0
10702.9049103 0.0
10706.6999318 0.0
10706.727432 1.0
10707.6899374 1.0
10707.7174376 0.0
10709.4224472 0.0
10709.4499474 1.0
10709.91745 1.0
10709.9449502 0.0
10711.2924578 0.0
10711.3199579 1.0
10711.8699611 1.0
10711.8974612 0.0
10714.7849776 0.0
10714.8124777 1.0
10715.9124839 1.0
10715.9399841 0.0
10717.1224908 0.0
10717.1499909 1.0
10718.1124964 1.0
10718.1399965 0.0
10718.579999 0.0
10718.6074992 1.0
10719.7075054 1.0
10719.7350056 0.0
10720.6700109 0.0
10720.697511 1.0
10721.4125151 1.0
10721.4400152 0.0
10723.2550255 0.0
10723.2825257 1.0
10724.4925325 1.0
10724.5200327 0.0
10725.4275378 0.0
10725.455038 1.0
10726.6650448 1.0
10726.692545 0.0
10729.2500594 0.0
10729.2775596 1.0
10730.1850647 1.0
10730.2125649 0.0
10731.0925699 0.0
10731.12007 1.0
10731.6700731 1.0
10731.6975733 0.0
10732.9075801 0.0
10732.9350803 1.0
10733.4025829 1.0
10733.4300831 0.0
10735.0800924 0.0
10735.1075926 1.0
10735.5475951 1.0
10735.5750952 0.0
##########################
#10739.386       0.0000000
#10739.422       1.0000000
#10741.203       1.0000000
#10741.239       0.0000000
##########################
10741.9551313 0.0
10741.9826315 1.0
10742.780136 1.0
10742.8076362 0.0
10745.7501528 0.0
10745.777653 1.0
10748.2801671 1.0
10748.3076673 0.0
10748.5826689 0.0
10748.610169 1.0
10749.5451743 1.0
10749.5726745 0.0
10752.4326907 0.0
10752.4601908 1.0
10752.9551936 1.0
10752.9826938 0.0
10755.0727056 0.0
10755.1002058 1.0
10755.7052092 1.0
10755.7327093 0.0
10757.2452179 0.0
10757.272718 1.0
10757.8502213 1.0
10757.8777215 0.0
10763.0202506 0.0
10763.0477507 1.0
10763.8177551 1.0
10763.8452553 0.0
10763.8727554 0.0
10763.9002556 1.0
10764.862761 1.0
10764.8902612 0.0
10771.2427971 0.0
10771.2702973 1.0
10772.2053026 1.0
10772.2328027 0.0
10773.8553119 0.0
10773.8828121 1.0
10776.5503272 1.0
10776.5778273 0.0
10781.5553555 0.0
10781.5828556 1.0
10782.6003614 1.0
10782.6278616 0.0
10784.0303695 0.0
10784.0578697 1.0
10785.350377 1.0
10785.3778771 0.0
10794.6179294 0.0
10794.6454296 1.0
10795.6354352 1.0
10795.6629353 0.0
10797.5604461 0.0
10797.5879462 1.0
10798.5779518 1.0
10798.605452 0.0
10799.8154588 0.0
10799.842959 1.0
10800.4479624 1.0
10800.4754626 0.0
10801.5479687 0.0
10801.5754688 1.0
10803.55548 1.0
10803.5829802 0.0
10805.9754937 0.0
10806.0029939 1.0
10807.268001 1.0
10807.2955012 0.0
10808.8355099 0.0
10808.8630101 1.0
10809.8530157 1.0
10809.8805158 0.0
10811.7505264 0.0
10811.7780266 1.0
10815.6005482 1.0
10815.6280484 0.0
10818.3505638 0.0
10818.3780639 1.0
10819.6155709 1.0
10819.6430711 0.0
10820.1930742 0.0
10820.2205743 1.0
10821.045579 1.0
10821.0730792 0.0
10821.4580814 0.0
10821.4855815 1.0
10821.925584 1.0
10821.9530842 0.0
10824.7305999 0.0
10824.7581 1.0
10825.4731041 1.0
10825.5006042 0.0
10833.8331514 0.0
10833.8606516 1.0
10837.7931738 1.0
10837.820674 0.0
10840.0206864 0.0
10840.0481866 1.0
10841.6431956 1.0
10841.6706958 0.0
10843.1832043 0.0
10843.2107045 1.0
10844.365711 1.0
10844.3932112 0.0
10845.3282165 0.0
10845.3557166 1.0
10846.9507256 1.0
10846.9782258 0.0
10847.9407312 0.0
10847.9682314 1.0
10848.4632342 1.0
10848.4907344 0.0
10849.1232379 0.0
10849.1507381 1.0
10849.6182407 1.0
10849.6457409 0.0
10851.8457534 0.0
10851.8732535 1.0
10853.6332635 1.0
10853.6607636 0.0
10853.7432641 0.0
10853.7707642 1.0
10856.1907779 1.0
10856.2182781 0.0
10859.023294 0.0
10859.0507941 1.0
10864.688326 1.0
10864.7158262 0.0
10865.733332 0.0
10865.7608321 1.0
10867.0533394 1.0
10867.0808396 0.0
10870.1333569 0.0
10870.160857 1.0
10872.9383727 1.0
10872.9658729 0.0
10877.2008969 0.0
10877.228397 1.0
10878.6034048 1.0
10878.630905 0.0
10878.8509062 0.0
10878.8784064 1.0
10879.6484107 1.0
10879.6759109 0.0
10884.2134366 0.0
10884.2409367 1.0
10885.8634459 1.0
10885.8909461 0.0
10888.9984636 0.0
10889.0259638 1.0
10890.290971 1.0
10890.3184711 0.0
10890.6759731 0.0
10890.7034733 1.0
10893.5634895 1.0
10893.5909896 0.0
10893.8109909 0.0
10893.838491 1.0
10896.2035044 1.0
10896.2310046 0.0
10896.5335063 0.0
10896.5610065 1.0
10897.0560093 1.0
10897.0835094 0.0
10897.3310108 0.0
10897.358511 1.0
10897.8535138 1.0
10897.8810139 0.0
10900.191027 0.0
10900.2185272 1.0
10908.3035729 1.0
10908.3310731 0.0
10911.6585919 0.0
10911.6860921 1.0
10912.6485975 1.0
10912.6760977 0.0
10913.611103 0.0
10913.6386031 1.0
10914.2436065 1.0
10914.2711067 0.0
10917.9286274 0.0
10917.9561276 1.0
10918.7261319 1.0
10918.7536321 0.0
10919.633637 0.0
10919.6611372 1.0
10920.5686423 1.0
10920.5961425 0.0
10923.7311602 0.0
10923.7586604 1.0
10930.578699 1.0
10930.6061992 0.0
10931.2387027 0.0
10931.2662029 1.0
10931.816206 1.0
10931.8437062 0.0
10932.9162122 0.0
10932.9437124 1.0
10934.7587227 1.0
10934.7862228 0.0
10936.4637323 0.0
10936.4912325 1.0
10937.0137354 1.0
10937.0412356 0.0
10937.1512362 0.0
10937.1787364 1.0
10939.1312474 1.0
10939.1587476 0.0
10941.0562583 0.0
10941.0837585 1.0
10942.1837647 1.0
10942.2112648 0.0
10942.4312661 0.0
10942.4587662 1.0
10943.7237734 1.0
10943.7512736 0.0
10944.3012767 0.0
10944.3287768 1.0
10951.3963168 1.0
10951.423817 0.0
10951.9188198 0.0
10951.9463199 1.0
10952.4413227 1.0
10952.4688229 0.0
10952.4963231 1.0
10954.3663336 1.0
10954.3938338 0.0
10956.4838456 0.0
10956.5113458 1.0
10964.5413912 1.0
10964.5688914 0.0
10964.5963915 1.0
10966.273901 1.0
10966.3014012 0.0
10971.8014323 0.0
10971.8289325 1.0
10972.983939 1.0
10973.0114392 0.0
10973.6989431 0.0
10973.7264432 1.0
10974.1664457 1.0
10974.1939459 0.0
10974.8264495 0.0
10974.8539496 1.0
10982.7189941 1.0
10982.7464943 0.0
10984.3690035 0.0
10984.3965036 1.0
10992.4540492 1.0
10992.4815494 0.0
10993.0315525 0.0
10993.0590527 1.0
11003.536612 1.0
11003.5641121 0.0
11003.9491143 0.0
11003.9766144 1.0
11013.7666699 1.0
11013.79417 0.0
11015.3341787 0.0
11015.3616789 1.0
11015.8841818 1.0
11015.911682 0.0
11015.9666823 0.0
11015.9941825 1.0
11038.1043076 1.0
11038.1318078 0.0
11039.0943132 0.0
11039.1218134 1.0
11069.5094854 1.0
11069.5369855 0.0
11069.8119871 0.0
11069.8394872 1.0
11070.3619902 1.0
11070.3894904 0.0
11071.2419952 0.0
11071.2694953 1.0
11681.5804498 1.0
11681.60795 0.0
11681.6629503 0.0
11681.6904505 1.0
11689.9679973 1.0
11689.9954975 0.0
11690.6830014 0.0
11690.7105015 1.0
11696.9255367 1.0
11696.9530368 0.0
11697.9705426 0.0
11697.9980428 1.0
11715.1306397 1.0
11715.1581399 0.0
11715.2131402 0.0
11715.2406404 1.0
11715.6806429 1.0
11715.708143 0.0
11715.7356432 0.0
11715.7631433 1.0
11716.4781474 1.0
11716.5056475 0.0
11716.5331477 0.0
11716.5606478 1.0
11733.8307456 1.0
11733.8582457 0.0
11734.0507468 0.0
11734.078247 1.0
11750.7158412 1.0
11750.7433413 0.0
11750.7983416 0.0
11750.8258418 1.0
11759.0208882 1.0
11759.0483883 0.0
11762.4859078 0.0
11762.5134079 1.0
11763.2834123 1.0
11763.3109124 0.0
11763.6409143 0.0
11763.6684145 1.0
11764.8784213 1.0
11764.9059215 0.0
11765.4009243 0.0
11765.4284244 1.0
11768.1509398 1.0
11768.17844 0.0
11770.3509523 0.0
11770.3784525 1.0
11787.8135511 1.0
11787.8410513 0.0
11790.8660684 0.0
11790.8935686 1.0
11791.3335711 1.0
11791.3610712 0.0
11791.9110743 0.0
11791.9385745 1.0
11802.0036315 1.0
11802.0311316 0.0
11803.2686386 0.0
11803.2961388 1.0
11805.5236514 1.0
11805.5511515 0.0
11805.7436526 0.0
11805.7711528 1.0
11806.2661556 1.0
11806.2936557 0.0
11806.4586567 0.0
11806.4861568 1.0
11829.4212866 1.0
11829.4487868 0.0
11829.5037871 0.0
11829.5312873 1.0
11831.7037996 1.0
11831.7312997 0.0
11831.7587999 1.0
11833.7113109 1.0
11833.7388111 0.0
11835.0588186 0.0
11835.0863187 1.0
11856.1514379 1.0
11856.1789381 0.0
11856.4814398 0.0
11856.50894 1.0
11862.1189717 1.0
11862.1464719 0.0
11862.8889761 0.0
11862.9164762 1.0
11895.3116596 1.0
11895.3391598 0.0
11897.4291716 0.0
11897.4566717 1.0
11914.4242678 1.0
11914.4517679 0.0
11916.7067807 0.0
11916.7342809 1.0
11921.9318103 1.0
11921.9593104 0.0
11923.2518177 0.0
11923.2793179 1.0
11923.9393216 1.0
11923.9668218 0.0
11924.9293272 0.0
11924.9568274 1.0
11929.0818507 1.0
11929.1093509 0.0
11931.0068616 0.0
11931.0343618 1.0
11938.486904 1.0
11938.5144041 0.0
11940.8244172 0.0
11940.8519174 1.0
11942.0619242 1.0
11942.0894244 0.0
11943.3269314 0.0
11943.3544315 1.0
11947.6994561 1.0
11947.7269563 0.0
11948.0569582 0.0
11948.0844583 1.0
11953.4194885 1.0
11953.4469887 0.0
11953.5569893 0.0
11953.5844894 1.0
11966.234561 1.0
11966.2620612 0.0
11966.8945648 0.0
11966.9220649 1.0
11967.6095688 1.0
11967.637069 0.0
11968.1595719 0.0
11968.1870721 1.0
11971.0470883 1.0
11971.0745884 0.0
11971.5970914 0.0
11971.6245916 1.0
11978.7471319 1.0
11978.774632 0.0
11979.4346358 0.0
11979.4621359 1.0
11979.9846389 1.0
11980.012139 0.0
11981.3596467 0.0
11981.3871468 1.0
11982.5971537 1.0
11982.6246538 0.0
11982.8446551 0.0
11982.8721552 1.0
11994.4497207 1.0
11994.4772209 0.0
11995.6047273 0.0
11995.6322274 1.0
11999.0422467 1.0
11999.0697469 0.0
11999.8947516 0.0
11999.9222517 1.0
12021.3723731 1.0
12021.3998733 0.0
12024.0398882 0.0
12024.0673884 1.0
12056.2700707 1.0
12056.2975708 0.0
12058.7450847 0.0
12058.7725848 1.0
12062.4851058 1.0
12062.512606 0.0
12062.6501068 0.0
12062.6776069 1.0
12067.820136 1.0
12067.8476362 0.0
12067.8751363 0.0
12067.9026365 1.0
12068.3976393 1.0
12068.4251395 0.0
12068.5626402 0.0
12068.5901404 1.0
12076.9501877 1.0
12076.9776879 0.0
12077.8301927 0.0
12077.8576929 1.0
12087.3452466 1.0
12087.3727467 0.0
12087.6752484 0.0
12087.7027486 1.0
12096.3652976 1.0
12096.3927978 0.0
12097.2178024 0.0
12097.2453026 1.0
12102.3328314 1.0
12102.3603315 0.0
12102.5528326 0.0
12102.5803328 1.0
12103.8178398 1.0
12103.8453399 0.0
12104.1478417 0.0
12104.1753418 1.0
12105.4128488 1.0
12105.440349 0.0
12106.4853549 0.0
12106.512855 1.0
12107.4203602 1.0
12107.4478603 0.0
12108.1903645 0.0
12108.2178647 1.0
12108.6578672 1.0
12108.6853673 0.0
12109.6478728 0.0
12109.6753729 1.0
12127.7979755 1.0
12127.8254757 0.0
12128.1554776 0.0
12128.1829777 1.0
12128.7879811 1.0
12128.8154813 0.0
12129.1454832 0.0
12129.1729833 1.0
12131.7029976 1.0
12131.7304978 0.0
12132.2805009 0.0
12132.3080011 1.0
12133.8755099 1.0
12133.9030101 0.0
12136.900527 0.0
12136.9280272 1.0
12156.2881368 1.0
12156.3156369 0.0
12161.7331676 0.0
12161.7606678 1.0
12165.2256874 1.0
12165.2531875 0.0
12165.6106896 0.0
12165.6381897 1.0
12171.0282202 1.0
12171.0557204 0.0
12176.6657521 0.0
12176.6932523 1.0
12177.4082563 1.0
12177.4357565 0.0
12178.4807624 0.0
12178.5082626 1.0
12185.0807998 1.0
12185.1082999 0.0
12185.1358001 1.0
12186.0708054 1.0
12186.0983055 0.0
12186.1258057 0.0
12186.1533058 1.0
12187.1433114 1.0
12187.1708116 0.0
12187.2533121 0.0
12187.2808122 1.0
12195.6683597 1.0
12195.6958598 0.0
12196.3833637 0.0
12196.4108639 1.0
12197.4283697 1.0
12197.4558698 0.0
12197.9508726 0.0
12197.9783728 1.0
12200.0683846 1.0
12200.0958847 0.0
12200.2883858 0.0
12200.315886 1.0
12201.2508913 1.0
12201.2783914 0.0
12201.4158922 0.0
12201.4433924 1.0
12205.4034148 1.0
12205.4309149 0.0
12206.1734191 0.0
12206.2009193 1.0
12207.3559258 1.0
12207.383426 0.0
12208.2084307 0.0
12208.2359308 1.0
12208.8959346 1.0
12208.9234347 0.0
12210.6009442 0.0
12210.6284444 1.0
12211.4259489 1.0
12211.453449 0.0
12212.9659576 0.0
12212.9934578 1.0
12219.6759956 1.0
12219.7034957 0.0
12221.3810052 0.0
12221.4085054 1.0
12222.3710108 1.0
12222.398511 0.0
12224.2960217 0.0
12224.3235219 1.0
12228.5035455 1.0
12228.5310457 0.0
12229.7135524 0.0
12229.7410525 1.0
12231.941065 1.0
12231.9685652 0.0
12233.8935761 0.0
12233.9210762 1.0
12238.8161039 1.0
12238.8436041 0.0
12240.8786156 0.0
12240.9061157 1.0
12245.8286436 1.0
12245.8561438 0.0
12248.2761575 0.0
12248.3036576 1.0
12249.073662 1.0
12249.1011621 0.0
12250.0086673 0.0
12250.0361674 1.0
12251.3011746 1.0
12251.3286747 0.0
12252.0711789 0.0
12252.0986791 1.0
12255.4536981 1.0
12255.4811982 0.0
12256.0312014 0.0
12256.0587015 1.0
12256.8012057 1.0
12256.8287059 0.0
12259.9087233 0.0
12259.9362235 1.0
12262.5212381 1.0
12262.5487382 0.0
12264.2812481 0.0
12264.3087482 1.0
12264.9687519 1.0
12264.9962521 0.0
12265.9312574 0.0
12265.9587575 1.0
12276.821319 1.0
12276.8488192 0.0
12277.2613215 0.0
12277.2888217 1.0
12280.4238394 1.0
12280.4513396 0.0
12282.0463486 0.0
12282.0738488 1.0
12282.5688516 1.0
12282.5963517 0.0
12283.5863573 0.0
12283.6138575 1.0
12284.6588634 1.0
12284.6863635 0.0
12286.7488752 0.0
12286.7763754 1.0
12287.243878 1.0
12287.2713782 0.0
12287.7388808 0.0
12287.766381 1.0
12290.1038942 1.0
12290.1313944 0.0
12293.4039129 0.0
12293.431413 1.0
12294.2289176 1.0
12294.2564177 0.0
12294.3389182 0.0
12294.3664183 1.0
12296.42893 1.0
12296.4564302 0.0
12300.1964513 0.0
12300.2239515 1.0
12302.0664619 1.0
12302.0939621 0.0
12302.9189668 0.0
12302.9464669 1.0
12303.9364725 1.0
12303.9639727 0.0
12308.7214996 0.0
12308.7489997 1.0
12309.5740044 1.0
12309.6015046 0.0
12311.8840175 0.0
12311.9115177 1.0
12312.9840237 1.0
12313.0115239 0.0
12314.276531 0.0
12314.3040312 1.0
12314.9365348 1.0
12314.9640349 0.0
12317.0540468 0.0
12317.0815469 1.0
12318.6765559 1.0
12318.7040561 0.0
12325.6890956 0.0
12325.7165958 1.0
12327.4216054 1.0
12327.4491056 0.0
12327.4766058 0.0
12327.5041059 1.0
12329.0716148 1.0
12329.0991149 0.0
12330.171621 0.0
12330.1991212 1.0
12331.2716272 1.0
12331.2991274 0.0
12331.6841296 0.0
12331.7116297 1.0
12335.4241507 1.0
12335.4516509 0.0
12344.664203 0.0
12344.6917032 1.0
12345.544208 1.0
12345.5717082 0.0
12348.0742223 0.0
12348.1017225 1.0
12348.7892264 1.0
12348.8167265 0.0
12350.8242379 0.0
12350.8517381 1.0
12351.731743 1.0
12351.7592432 0.0
12352.0892451 0.0
12352.1167452 1.0
12353.3542522 1.0
12353.3817524 0.0
12354.6192594 0.0
12354.6467595 1.0
12355.4992644 1.0
12355.5267645 0.0
12357.7542771 0.0
12357.7817773 1.0
12358.5792818 1.0
12358.606782 0.0
12366.4993266 0.0
12366.5268268 1.0
12367.7918339 1.0
12367.8193341 0.0
12368.9468405 0.0
12368.9743406 1.0
12370.2393478 1.0
12370.266848 0.0
12371.4493546 0.0
12371.4768548 1.0
12372.3293596 1.0
12372.3568598 0.0
12377.69189 0.0
12377.7193901 1.0
12378.2693933 1.0
12378.2968934 0.0
12380.0844035 0.0
12380.1119037 1.0
12380.8544079 1.0
12380.881908 0.0
12385.7219354 0.0
12385.7494356 1.0
12386.7669413 1.0
12386.7944415 0.0
12404.6145424 0.0
12404.6420425 1.0
12405.2745461 1.0
12405.3020463 0.0
12406.3470522 0.0
12406.3745523 1.0
12407.1720568 1.0
12407.199557 0.0
12409.7295713 0.0
12409.7570715 1.0
12410.7470771 1.0
12410.7745772 0.0
12415.8071057 0.0
12415.8346059 1.0
12416.3021085 1.0
12416.3296087 0.0
12418.2546196 0.0
12418.2821197 1.0
12418.859623 1.0
12418.8871232 0.0
12439.0722374 0.0
12439.0997376 1.0
12439.5947404 1.0
12439.6222405 0.0
12442.7297581 0.0
12442.7572583 1.0
12443.5822629 1.0
12443.6097631 0.0
12452.7398148 0.0
12452.7673149 1.0
12453.317318 1.0
12453.3448182 0.0
12466.5173928 0.0
12466.5448929 1.0
12467.3698976 1.0
12467.3973977 0.0
12480.5974725 0.0
12480.6249726 1.0
12481.7799791 1.0
12481.8074793 0.0
12481.8624796 0.0
12481.8899798 1.0
12482.5499835 1.0
12482.5774837 0.0
12486.8125076 0.0
12486.8400078 1.0
12487.2800103 1.0
12487.3075104 0.0
12495.5025568 0.0
12495.530057 1.0
12496.5200626 1.0
12496.5475627 0.0
12510.5726421 0.0
12510.6001423 1.0
12511.6451482 1.0
12511.6726483 0.0
12511.7551488 0.0
12511.782649 1.0
12512.2501516 1.0
12512.2776518 0.0
12517.5576817 0.0
12517.5851818 1.0
12518.2451855 1.0
12518.2726857 0.0
12525.8077284 0.0
12525.8352285 1.0
12527.0727355 1.0
12527.1002357 0.0
12537.0827922 0.0
12537.1102923 1.0
12537.577795 1.0
12537.6052951 0.0
12541.3453163 0.0
12541.3728165 1.0
12542.8303247 1.0
12542.8578249 0.0
12543.7928302 0.0
12543.8203303 1.0
12544.3153331 1.0
12544.3428333 0.0
12554.1053885 0.0
12554.1328887 1.0
12554.8203926 1.0
12554.8478927 0.0
12557.2404063 0.0
12557.2679064 1.0
12559.0004162 1.0
12559.0279164 0.0
12559.2754178 0.0
12559.3029179 1.0
12559.9079214 1.0
12559.9354215 0.0
12562.6304368 0.0
12562.6579369 1.0
12563.2904405 1.0
12563.3179407 0.0
12570.3029802 0.0
12570.3304804 1.0
12571.2654857 1.0
12571.2929858 0.0
12573.4379979 0.0
12573.4654981 1.0
12575.3355087 1.0
12575.3630088 0.0
12575.6105102 0.0
12575.6380104 1.0
12576.1880135 1.0
12576.2155137 0.0
12578.0305239 0.0
12578.0580241 1.0
12578.5255267 1.0
12578.5530269 0.0
12579.1305302 0.0
12579.1580303 1.0
12579.7080334 1.0
12579.7355336 0.0
12580.7530394 0.0
12580.7805395 1.0
12581.3855429 1.0
12581.4130431 0.0
12584.2455591 0.0
12584.2730593 1.0
12584.9055629 1.0
12584.933063 0.0
12585.8405681 0.0
12585.8680683 1.0
12586.9130742 1.0
12586.9405744 0.0
12588.8655853 0.0
12588.8930854 1.0
12589.4155884 1.0
12589.4430885 0.0
12589.6080895 0.0
12589.6355896 1.0
12592.7706074 1.0
12592.7981075 0.0
12593.7331128 0.0
12593.760613 1.0
12594.2281156 1.0
12594.2556158 0.0
12594.7506186 0.0
12594.7781187 1.0
12596.2081268 1.0
12596.235627 0.0
12597.830636 0.0
12597.8581362 1.0
12598.9031421 1.0
12598.9306422 0.0
12601.2406553 0.0
12601.2681555 1.0
12602.3406615 1.0
12602.3681617 0.0
12604.0731714 0.0
12604.1006715 1.0
12605.3381785 1.0
12605.3656787 0.0
12606.658186 0.0
12606.6856861 1.0
12609.1607001 1.0
12609.1882003 0.0
12609.7382034 0.0
12609.7657036 1.0
12610.2607064 1.0
12610.2882065 0.0
12610.5632081 0.0
12610.5907082 1.0
12612.0757166 1.0
12612.1032168 0.0
12613.9182271 0.0
12613.9457272 1.0
12615.8982383 1.0
12615.9257384 0.0
12617.3557465 0.0
12617.3832467 1.0
12619.1157565 1.0
12619.1432567 0.0
12619.4732585 0.0
12619.5007587 1.0
12619.9957615 1.0
12620.0232616 0.0
12620.6557652 0.0
12620.6832654 1.0
12622.4982756 1.0
12622.5257758 0.0
12622.8007774 0.0
12622.8282775 1.0
12623.3232803 1.0
12623.3507805 0.0
12623.9007836 0.0
12623.9282837 1.0
12627.0358013 1.0
12627.0633015 0.0
12627.6408047 0.0
12627.6683049 1.0
12630.2533195 1.0
12630.2808197 0.0
12631.215825 0.0
12631.2433251 1.0
12634.0758412 1.0
12634.1033413 0.0
12634.2958424 0.0
12634.3233426 1.0
12634.8183454 1.0
12634.8458455 0.0
12634.928346 0.0
12634.9558462 1.0
12637.4858605 1.0
12637.5133606 0.0
12638.4208658 0.0
12638.4483659 1.0
12639.3008707 1.0
12639.3283709 0.0
12639.3558711 0.0
12639.3833712 1.0
12645.2134042 1.0
12645.2409044 0.0
12647.3309162 0.0
12647.3584164 1.0
12649.943431 1.0
12649.9709311 0.0
12650.3559333 0.0
12650.3834335 1.0
12653.2434497 1.0
12653.2709498 0.0
12653.6009517 0.0
12653.6284518 1.0
12654.1509548 1.0
12654.178455 0.0
12655.2234609 0.0
12655.250961 1.0
12658.2759782 1.0
12658.3034783 0.0
12658.4684792 0.0
12658.4959794 1.0
12662.0159993 1.0
12662.0434995 0.0
12663.1435057 0.0
12663.1710059 1.0
12663.6935088 1.0
12663.721009 0.0
12664.0510108 0.0
12664.078511 1.0
12666.6910258 1.0
12666.7185259 0.0
12667.0210276 0.0
12667.0485278 1.0
12670.0735449 1.0
12670.1010451 0.0
12670.1285452 1.0
12671.3110519 1.0
12671.3385521 0.0
12671.3660522 1.0
12671.861055 1.0
12671.8885552 0.0
12673.4835642 0.0
12673.5110644 1.0
12678.8460946 1.0
12678.8735947 0.0
12680.7986056 0.0
12680.8261058 1.0
12699.5262116 1.0
12699.5537118 0.0
12699.8287133 0.0
12699.8562135 1.0
12702.0012256 1.0
12702.0287258 0.0
12702.8812306 0.0
12702.9087308 1.0
12704.9162421 1.0
12704.9437423 0.0
12705.5762459 0.0
12705.603746 1.0
12708.5737628 1.0
12708.601263 0.0
12709.316267 0.0
12709.3437672 1.0
12712.0387825 1.0
12712.0662826 0.0
12712.478785 0.0
12712.5062851 1.0
12713.908793 1.0
12713.9362932 0.0
12714.2937952 0.0
12714.3212954 1.0
12714.9262988 1.0
12714.953799 0.0
12715.5588024 0.0
12715.5863025 1.0
12718.9138214 1.0
12718.9413215 0.0
12719.2163231 0.0
12719.2438232 1.0
12721.3613352 1.0
12721.3888354 0.0
12721.8838382 0.0
12721.9113383 1.0
12723.1488453 1.0
12723.1763455 0.0
12723.7813489 0.0
12723.8088491 1.0
12724.4413527 1.0
12724.4688528 0.0
12724.6888541 0.0
12724.7163542 1.0
12729.2263797 1.0
12729.2538799 0.0
12729.446381 0.0
12729.4738811 1.0
12731.563893 1.0
12731.5913931 0.0
12732.5263984 0.0
12732.5538986 1.0
12732.9939011 1.0
12733.0214012 0.0
12735.633916 0.0
12735.6614162 1.0
12736.1289188 1.0
12736.156419 0.0
12736.1839191 0.0
12736.2114193 1.0
12739.3189369 1.0
12739.346437 0.0
12740.0339409 0.0
12740.0614411 1.0
12742.0964526 1.0
12742.1239527 0.0
12742.7564563 0.0
12742.7839565 1.0
12743.223959 1.0
12743.2514591 0.0
12743.7739621 0.0
12743.8014622 1.0
12745.4239714 1.0
12745.4514716 0.0
12745.8364738 0.0
12745.8639739 1.0
12746.3039764 1.0
12746.3314766 0.0
12747.7614847 0.0
12747.7889848 1.0
12750.126498 1.0
12750.1539982 0.0
12750.9240026 0.0
12750.9515027 1.0
12752.7940131 1.0
12752.8215133 0.0
12759.0090483 0.0
12759.0365485 1.0
12760.7415581 1.0
12760.7690583 0.0
12762.0890658 0.0
12762.1165659 1.0
12765.0040823 1.0
12765.0315824 0.0
12769.4041072 0.0
12769.4316073 1.0
12772.1266226 1.0
12772.1541227 0.0
12773.5566307 0.0
12773.5841308 1.0
12774.9866388 1.0
12775.0141389 0.0
12782.2191797 0.0
12782.2466799 1.0
12784.8866948 1.0
12784.914195 0.0
12785.271697 0.0
12785.2991971 1.0
12786.509204 1.0
12786.5367041 0.0
12790.221725 0.0
12790.2492251 1.0
12790.9092289 1.0
12790.936729 0.0
12792.174236 0.0
12792.2017362 1.0
12793.8792457 1.0
12793.9067459 0.0
12794.2367477 0.0
12794.2642479 1.0
12795.3642541 1.0
12795.3917543 0.0
12796.2992594 0.0
12796.3267595 1.0
12798.3342709 1.0
12798.3617711 0.0
12798.5542722 0.0
12798.5817723 1.0
12800.4517829 1.0
12800.4792831 0.0
12802.2667932 0.0
12802.2942933 1.0
12802.8167963 1.0
12802.8442964 0.0
12803.5318003 0.0
12803.5593005 1.0
12805.2093098 1.0
12805.23681 0.0
12806.5293173 0.0
12806.5568175 1.0
12807.4918227 1.0
12807.5193229 0.0
12807.5468231 1.0
12809.2793329 1.0
12809.306833 0.0
12809.4993341 0.0
12809.5268343 1.0
12810.4068392 1.0
12810.4343394 0.0
12812.661852 0.0
12812.6893522 1.0
12813.2118551 1.0
12813.2393553 0.0
12814.0368598 0.0
12814.0643599 1.0
12815.0543656 1.0
12815.0818657 0.0
12819.0968884 0.0
12819.1243886 1.0
12819.8393926 1.0
12819.8668928 0.0
12820.0593939 0.0
12820.086894 1.0
12820.966899 1.0
12820.9943992 0.0
12822.0394051 0.0
12822.0669052 1.0
12822.7544091 1.0
12822.7819093 0.0
12824.1019168 0.0
12824.1294169 1.0
12825.3944241 1.0
12825.4219242 0.0
12830.8394549 0.0
12830.8669551 1.0
12832.5444645 1.0
12832.5719647 0.0
12833.2869688 0.0
12833.3144689 1.0
12833.9194723 1.0
12833.9469725 0.0
12834.7994773 0.0
12834.8269775 1.0
12835.4319809 1.0
12835.459481 0.0
12836.7794885 0.0
12836.8069887 1.0
12837.5219927 1.0
12837.5494929 0.0
12841.289514 0.0
12841.3170142 1.0
12842.5820214 1.0
12842.6095215 0.0
12844.809534 0.0
12844.8370341 1.0
12847.0920469 1.0
12847.119547 0.0
12847.8620512 0.0
12847.8895514 1.0
12848.4120544 1.0
12848.4395545 0.0
12849.8145623 0.0
12849.8420625 1.0
12850.5020662 1.0
12850.5295663 0.0
12850.5845667 0.0
12850.6120668 1.0
12851.4095713 1.0
12851.4370715 0.0
12857.3221048 0.0
12857.349605 1.0
12857.8996081 1.0
12857.9271082 0.0
12858.2846102 0.0
12858.3121104 1.0
12858.8071132 1.0
12858.8346134 0.0
12861.1721266 0.0
12861.1996267 1.0
12862.2446327 1.0
12862.2721328 0.0
12863.5646401 0.0
12863.5921403 1.0
12864.9396479 1.0
12864.9671481 0.0
12866.1221546 0.0
12866.1496548 1.0
12867.7446638 1.0
12867.7721639 0.0
12868.7896697 0.0
12868.8171699 1.0
12869.5321739 1.0
12869.5596741 0.0
12870.7146806 0.0
12870.7421808 1.0
12871.3746843 1.0
12871.4021845 0.0
12871.842187 0.0
12871.8696871 1.0
12873.6296971 1.0
12873.6571973 0.0
12879.9822331 0.0
12880.0097332 1.0
12884.1897569 1.0
12884.217257 0.0
12884.4097581 0.0
12884.4372583 1.0
12886.2797687 1.0
12886.3072689 0.0
12887.4347752 0.0
12887.4622754 1.0
12891.6147989 1.0
12891.6422991 0.0
12892.0273012 0.0
12892.0548014 1.0
12894.4473149 1.0
12894.4748151 0.0
12895.877323 0.0
12895.9048232 1.0
12896.3723258 1.0
12896.399826 0.0
12897.8573342 0.0
12897.8848344 1.0
12898.352337 1.0
12898.3798372 0.0
12899.6723445 0.0
12899.6998447 1.0
12901.2123532 1.0
12901.2398534 0.0
12901.9273573 0.0
12901.9548574 1.0
12903.4123657 1.0
12903.4398658 0.0
12904.0448693 0.0
12904.0723694 1.0
12904.5948724 1.0
12904.6223725 0.0
12905.1173753 0.0
12905.1448755 1.0
12905.9698802 1.0
12905.9973803 0.0
12906.2173816 0.0
12906.2448817 1.0
12906.7673847 1.0
12906.7948848 0.0
12908.417394 0.0
12908.4448942 1.0
12908.9673971 1.0
12908.9948973 0.0
12909.4073996 0.0
12909.4348998 1.0
12911.1949097 1.0
12911.2224099 0.0
12912.9274195 0.0
12912.9549197 1.0
12913.4774226 1.0
12913.5049228 0.0
12915.2374326 0.0
12915.2649328 1.0
12923.8724815 1.0
12923.8999816 0.0
12924.5049851 0.0
12924.5324852 1.0
12927.9700047 1.0
12927.9975048 0.0
12929.2900122 0.0
12929.3175123 1.0
12930.6100196 1.0
12930.6375198 0.0
12931.4900246 0.0
12931.5175248 1.0
12932.1500283 1.0
12932.1775285 0.0
12934.21254 0.0
12934.2400402 1.0
12934.6800427 1.0
12934.7075428 0.0
12936.9075553 0.0
12936.9350554 1.0
12937.4025581 1.0
12937.4300582 0.0
12937.7600601 0.0
12937.7875602 1.0
12939.2725687 1.0
12939.3000688 0.0
12939.3550691 0.0
12939.3825693 1.0
12940.400075 1.0
12940.4275752 0.0
12940.6475764 0.0
12940.6750766 1.0
12941.9400838 1.0
12941.9675839 0.0
12942.4350866 0.0
12942.4625867 1.0
12942.9850897 1.0
12943.0125898 0.0
12945.2676026 0.0
12945.2951027 1.0
12947.0826129 1.0
12947.110113 0.0
12947.4126147 0.0
12947.4401149 1.0
12948.870123 1.0
12948.8976231 0.0
12949.0076238 0.0
12949.0351239 1.0
12950.5201323 1.0
12950.5476325 0.0
12950.5751326 0.0
12950.6026328 1.0
12952.0326409 1.0
12952.060141 0.0
12952.9951463 0.0
12953.0226465 1.0
12959.9801859 1.0
12960.007686 0.0
12960.1451868 0.0
12960.172687 1.0
12960.7226901 1.0
12960.7501902 0.0
12961.1901927 0.0
12961.2176929 1.0
12962.7027013 1.0
12962.7302014 0.0
12963.2527044 0.0
12963.2802045 1.0
12965.1777153 1.0
12965.2052154 0.0
12965.5077172 0.0
12965.5352173 1.0
12970.6777464 1.0
12970.7052466 0.0
12970.952748 0.0
12970.9802481 1.0
12977.497785 1.0
12977.5252852 0.0
12977.8827872 0.0
12977.9102874 1.0
12980.6878031 1.0
12980.7153032 0.0
12981.6778087 0.0
12981.7053088 1.0
12983.7128202 1.0
12983.7403204 0.0
12985.0603278 0.0
12985.087828 1.0
12986.0778336 1.0
12986.1053337 0.0
12991.6603652 0.0
12991.6878653 1.0
12992.6503708 1.0
12992.6778709 0.0
12993.0628731 0.0
12993.0903733 1.0
12998.7279052 1.0
12998.7554053 0.0
12999.58041 0.0
12999.6079102 1.0
13001.3129198 1.0
13001.34042 0.0
13002.412926 0.0
13002.4404262 1.0
13014.7054956 1.0
13014.7329958 0.0
13016.9055081 0.0
13016.9330082 1.0
13018.7480185 1.0
13018.7755187 0.0
13019.1605208 0.0
13019.188021 1.0
13020.0405258 1.0
13020.068026 0.0
13021.6355348 0.0
13021.663035 1.0
13024.7980527 1.0
13024.8255529 0.0
13026.1180602 0.0
13026.1455604 1.0
13030.2705837 1.0
13030.2980839 0.0
13032.085594 0.0
13032.1130942 1.0
13047.2656799 1.0
13047.2931801 0.0
13048.7506883 0.0
13048.7781885 1.0
13050.4831981 1.0
13050.5106983 0.0
13051.8582059 0.0
13051.8857061 1.0
13052.408209 1.0
13052.4357092 0.0
13053.5357154 0.0
13053.5632156 1.0
13059.7232504 1.0
13059.7507506 0.0
13062.1707643 0.0
13062.1982644 1.0
13075.5358399 1.0
13075.5633401 0.0
13075.7833413 0.0
13075.8108415 1.0
13113.4310544 1.0
13113.4585546 0.0
13113.5960554 0.0
13113.6235555 1.0
13116.18107 1.0
13116.2085702 0.0
13118.7935848 0.0
13118.8210849 1.0
13499.9732423 1.0
13500.0007425 1.0
